retake_240.0_4.0
17:28:15
angle: 242.27695321367884

hab angle:216.81202131149502
hab distance:293.52445776284276
sector:5
x:10.07569346654394
y:25.751863998106508
area:587.2844036697247

hab angle:253.19953068533738
hab distance:235.1901729673509
sector:3
x:8.135764512087334
y:19.176349706878018
area:542.4619266055046

