retake_332.0_4.0
14:56:48
angle: 332.5372781032772

hab angle:322.44769743047414
hab distance:198.80183193743102
sector:1
x:12.22965307207798
y:10.29489938052301
area:295.64724770642204

hab angle:330.85488810986254
hab distance:178.57778030016968
sector:1
x:13.575924365061914
y:10.359532467983845
area:254.38211009174313

