image_4
17:24:11
angle: 244.10021493922517

hab angle:218.49522349735048
hab distance:296.359071012301
sector:5
x:9.737459704495834
y:25.631826987583835
area:450.8119266055046

hab angle:253.77282883903064
hab distance:240.7179105396089
sector:3
x:7.900471835813004
y:19.148337426374525
area:572.7316513761468

